Residential Pricing
' .y
wi]
NUMBER OF SQUARE FEET PER PANEL
217 2,35 2.53 2.71 2.90 3.08 3.26 3.44 3.62 3.80 3.98 416
4.34 4.52 4.70 4.88 5.06 5,25 5.43 5.61 5.79 597 615 6.35
6.51 6.69 6.87 7.05 7.24 7.42 7.60 7.78 7.96 8.14 8.32 8.50
8.68 8.86 9.04 @22 9.40 O59) 9.77 QS5 10.13 10.31 10.49 10.67
10.85 11.03 11.21 iis) 1.58 11.76 N94 1212 12.30 12.48 12.66 12.84
13.02 13.20 13.38 13.56 13.75 18.93 14.1 14.29 14.47 14.65 14.83 15.01
15.19 15.37 15.55 15.73 15.92 16.10 16.28 16.46 16.64 16.82 17.00 1718
17.36 17.54 17.72 17.90 18.09 18.27 18.45 18.63 18.81 18.99 19.17 19.35
19.53 19.71 19.89 20.07 20.26 20.44 20.62 20.80 20.98 21.16 21.34 21.52
21.70 21.88 22.06 22.24 22.43 22.61 22.79 223i 23.15 2335 23.51 269)
23.87 24.05 24.23 24.41 24.60 24.78 24.96 25.14 25.32 25.50 25.68 25.86
26.04 26.22 26.40 26.58 26.77 26.95 2713 27.31 27.49 27.67 27.85 28.03
28.21 28.39 28.57 28.75 28.94 29.12 29.30 29.48 29.66 29,84 30.02 30.20
30.38 $0.56 30.74 JOL2 3111 31.29 31.47 31.65 31.83 32.01 32.19 $2.37
32.55 S273 32.91 BELO) 33.28 33.46 33.64 33.82 34,00 34.18 34.36 34.54
34,72 34,90 35.08 35,25 35.45 S5E5 35.81 S589) 36.17 38.55 36.53 36.71
36.89 37.07 37.25 37.43 37.62 37.80 37.98 38.16 38.34 38.52 38.70 38.88
39.06 39.24 39.42 39.60 39.79 ST 40.15 40.33 40.51 40.69 40.87 41.05
41.23 41.41 41.59 41.77 41.96 4214 42.32 42.50 42.68 42.86 43.04 43.22
43.40 43.58 43.76 43.94 4413 44.31 44.49 44.67 44.85 45.03 45.21 45.39
45.57 45.75 45.93 4611 46.30 46.48 46.66 46.84 47.02 47.20 47.38 47.56
47.74 47.92 48.10 48.28 48.47 48.65 48.83 49.01 49.19 49.37 49.55 49.73
49.91 50.09 50.27 50.45 50.64 50.82 51.00 51.18 51.36 51.54 51.72 51.90
52.08 52.26 52.44 52.62 52.81 52,98) 53.17 5E.S5 53.53 53.7 53.89 54.07
54.25 54.43 54.61 54.79 54.98 55.16 55.34 5552 55.70 55.88 56.06 56.24
56.42 56.60 56.78 56.96 57.15 BIS 57.51 57.69 57.87 58.05 58.23 58.41
58.59 58.77 58.95 5913 59.32 59.50 59.68 59.86 60.04 60.22 60.40 60.58
60.76 60.94 6112 61.30 61.49 61.67 61.85 62.03 62.21 62.39 62.57 62.75
62.93 63.11 63.29 63.47 63.66 63.84 64.02 64.20 64.38 64.56 64.74 64.92
65.10 65.28 65.46 65.64 65.82 66.01 66.19 66.37 66.55 66.73 66.91 67.09
67.27 67.45 67.63 67.81 67.99 68.18 68.36 68.54 68.72 68.90 69.08 69.26
69.44 69.62 69.80 69.98 70.16 70.35 70.53 70.71 70.89 71.07 71.25 71.43
71.61 71.79 71,97 7215 72.33 72.52 72.70 72.88 73.06 73.24 73.42 73.60
73.78 73.96 7414 74.32 74.51 74.69 74.87 75.05 75.23 75.4) 75.59 75.77
75.95 76.13 76.31 76.49 76.68 76.86 77.04 TROD 7740 7758 77.76 77.94
7812 78.30 78.48 78.66 78.85 79.03 79.21 NSS) 79.57 TQS 79.93 80.11
80.29 80.47 80.65 80.83 81.01 81.20 81.38 81.56 81.74 81.92 82.10 82.28
82.46 82.64 82.82 83.00 83.18 83.37 83.55 83.73 83.91 84.09 84.27 84.45
84.63 84.81 84.99 85.17 85.35 85.54 85.72 85.90 86.08 86.26 86.44 86.62
86.80 86.98 8716 87.34 87.53 87.71 87.89 88.07 88.25 88.43 88.61 88.79
— Subject to change without notice.
MBE. sce MBCI.COM for current information. EFFECTIVE JANUARY 2, 2026 3
