SSR Systems Pricing PANELS
+ i —_ + 4+ 1" ———_+
3" 3"
Lot
Lod
Ultra-Dek" Double-Lok'
NUMBER OF SQUARE FEET PER PANEL
1.50 1.63 175 1.88 2.00 2S 2.25 2.38 2.50 2.63 2.75 2.88
3.00 Sills 3.25 3.38 3.50 SBS 3.75 3.88 4.00 413 4.25 4.38
4.50 4.63 4.75 488 5.00 Sis 5.25 5.38 5.50 563 5.75 5.88
6.00 6.1 6.25 6.38 6.50 6.63 6.75 6.88 7.00 713 7.25 7.38
7.50 7.63 775 788 8.00 8.13 8.25 8.38 8.50 8.63 8.75 8.88
9,00 Gils 9.25 9.38 9.50 9.63 9.75 9.88 10.00 10.13 10.25 10.38
10.50 10.63 10.75 10.88 11.00 N13 11.25 11.38 1.50 11.63 1.75 1.88
12.00 12.13 12.25 12.38 12.50 12.63 12.75 12.88 13.00 TSS 13.25 13.38
13.50 13.63 13.75 13.88 14.00 14.13 14.25 14.38 14.50 14.63 14.75 14.88
15,00 ISS 15.25 15.38 15.50 15.63 15.75 15.88 16.00 16.13 16.25 16.38
16.50 16.63 16.75 16.88 17.00 1713 17.25 17.38 17.50 17.63 17.75 17.88
18.00 18.13 18.25 18.38 18.50 18.63 18.75 18.88 19.00 iP. 19.25 19.38
19.50 19.63 19.75 19.88 20.00 2013 20.25 20.38 20.50 20.63 20.75 20.88
21.00 21.13 21.25 21.38 21.50 21.63 21.75 21.88 22.00 Z2NS 22.25 22.38
22.50 22.63 22.75 22.88 23.00 ZSNS 23.25 23.38 23.50 23.63 23.75 23.88
24.00 2413 24.25 24.38 24.50 24.63 24.75 24.88 25.00 25.13 25.25 25.38
25.50 25.63 25.75 25.88 26.00 26.13 26.25 26.38 26.50 26.63 26.75 26.88
27.00 2713 27.25 2738 27.50 27.63 27.75 27.88 28.00 28.13 28.25 28.38
28.50 28.63 28.75 28.88 29.00 = 29.13 29.25 29.38 29.50 AVOS 29.75 29.88
30.00 30.13 30.25 30.38 30.50 30.63 30.75 30.88 31.00 3113 31.25 31.38
31.50 SILOS 31.75 31.88 32.00 SAIS 32.25 32.38 32.50 32.63 32.75 32.88
33.00 GSAS 33.25 33.38 33.50 S505 33.75 33.88 34.00 3413 34.25 34.38
34.50 34.63 34.75 34.88 35.00 35.13 35.25 35.38 35.50 F555 35.75 $5.88
36.00 36.13 36.25 36.38 36.50 36.63 36.75 36.88 37.00 SIS 37.25 37.38
37.50 SHES 37.75 37.88 38.00 38.13 38.25 38.38 38.50 38.63 38.75 38.88
39.00 SIS 39.25 39.38 39.50 S995 39.75 39.88 40.00 4013 40.25 40.38
40.50 40.63 40.75 40.88 41.00 4113 41.25 41.38 41.50 41.63 A175 41.88
42.00 4213 42.25 42.38 42.50 42.63 42.75 42.88 43.00 43.13 43.25 43.38
43.50 43.63 43.75 43.88 4400 4413 44.25 44.38 4450 44.63 44.75 44.88
45.00 45.13 45.25 45.38 45.50 45.63 45.75 45.88 46.00 46.13 46.25 46.38
46.50 46.63 46.75 46.88 47.00 4713 47.25 47.38 4750 47.63 4775 47.88
48.00 48.13 48.25 48.38 48.50 48.63 48.75 48.88 49.00 49.13 49.25 49.38
49.50 49.63 49,75 49.88 50.00 50.13 50.25 50.38 50.50 50.63 50.75 50.88
51.00 SLS 51.25 51.38 51.50 51.63 51.75 51.88 52.00 52.13 52.25 52.38
52.50 52S 52.75 52.88 53.00 53.13 53.25 53.38 53.50 55.65 53.75 53.88
54.00 54.13 54.25 54.38 54.50 54.63 54.75 54.88 55.00 SHAS $5.25 55,53}
55.50 55.63 55.75 55.88 56.00 5613 56.25 56.38 56.50 56.63 56.75 56.88
57.00 SAS 57.25 57.38 57.50 57.63 57.75 57.88 58.00 BSS 58.25 58.38
58.50 58.63 58.75 58.88 59.00 59.13 59.25 59.38 59.50 Soies 59.75 59.88
60.00 60.13 60.25 60.38 60.50 60.63 60.75 60.88 61.00 6113 61.25 61.38
Subject to change without notice.
WABIE. sce MBCI.COM for current information. EFFECTIVE JUNE 3, 2026 5
