SSR Systems Pricing
> 24" ~ = + 2a" t —_+
3" 3"
_4 _
Ultra-Dek* Double-Lok®
NUMBER OF SQUARE FEET PER PANEL
2.00 Zi 2.33 2.50 2.66 2.83 3.00 3.16 3.33 3.49 3.66 BIBS
4.00 417 4.33 4.50 4.66 4.83 5.00 5.16 5.33 5.49 5.66 5.83
6.00 617 6.33 6.50 6.66 6.83 7.00 716 7.33 749 7.66 7.83
8.00 8.17 8.33 8.50 8.66 8.83 9.00 9.16 9.33 9.49 9.66 HIS
10.00 10.17 10.33 10.50 10.66 10.83 11.00 1.16 11.33 1.49 11.66 11.83
12.00 1217 12.33 12.50 12.66 12.83 13.00 13.16 13.33 13.49 13.66 13.83
14.00 14.17 14.33 14.50 14.66 14.83 15.00 15.16 15.33 15.49 15.66 15.83
16.00 16.17 16.33 16.50 16.66 16.83 17.00 1716 17.33 17.49 17.66 17.83
18,00 18.17 18.33 18.50 18.66 18.83 19.00 19.16 19.33 19.49 19.66 19.83
20.00 20.17 20.33 20.50 20.66 20.83 21.00 21.16 21.33 21.49 21.66 21.83
22.00 22.17 22.33 22.50 22.66 22.83 23.00 23.16 23.33 23.49 23.66 23.83
24.00 2417 24.33 24.50 24.66 24.83 25.00 25.16 25.33 25.49 25.66 DBS
26.00 26.17 26.33 26.50 26.66 26.83 27.00 2716 27.33 27.49 27.66 27.83
28.00 28.17 28.33 28.50 28.66 28.83 29.00 29.16 29.33 29.49 29.66 AQIBS
30.00 30.17 30.33 30.50 30.66 30.83 31.00 31.16 31.33 31.49 31.66 31.83
32.00 32.17 32.33 S250) 32.66 S28 33.00 33.16 33.33 33.49 33.66 SSS
34.00 3417 34.33 34.50 34.66 34.83 35.00 35.16 35.33 35.49 35.66 SBS
36.00 36.17 36.33 36.50 36.66 36.83 37.00 37.16 37.33 37.49 37.66 37.83
38.00 38.17 38.33 38.50 38.66 $8.83 39.00 39.16 39.33 $9.49 39.66 SOLES
40.00 40.17 40.33 40.50 40.66 40.83 41.00 41.16 41.33 41.49 41.66 41.83
42.00 42.17 42.33 42.50 42.66 42.83 43,00 43.16 43.33 43.49 43.66 43.83
44.00 4417 44.33 44.50 44.66 44.83 45.00 45.16 45.33 45.49 45.66 45.83
46.00 46.17 46.33 46.50 46.66 46.83 47.00 4716 47.33 47.49 47.66 47.83
48.00 48.17 48.33 48.50 48.66 48.83 49.00 49.16 49.33 49.49 49.66 49.83
50.00 50.17 50.33 50.50 50.66 50.83 51.00 51.16 51.33 51.49 51.66 SUES
52.00 52.17 52.33 52.50 52.66 S285 53.00 53.16 53.33 53.49 53.66 SSE
54.00 54.17 54.33 54,50 54.66 54.83 55.00 55.16 55.33 55.49 55.66 SSS
56.00 56.17 56.33 56.50 56.66 56.83 57.00 5716 57.33 $7.49 57.66 57.83
58.00 58.17 58.33 58.50 58.66 58.83 59.00 59.16 59.33 59.49 59.66 SQUES
60.00 60.17 60.33 60.50 60.66 60.83 61.00 61.16 61.33 61.49 61.66 61.83
62.00 62.17 62.33 62.50 62.66 62.83 63.00 63.16 63.33 63.49 63.66 63.83
64.00 64.17 64.33 64.50 64.66 64.83 65.00 65.16 65.33 65.49 65.66 65.83
66.00 66.17 66.33 66.50 66.66 66.83 67.00 6716 67.33 67.49 67.66 67.83
68.00 68.17 68.33 68.50 68.66 68.83 69.00 69.16 69.33 69.49 69.66 69.83
70.00 70.17 70.33 70.50 70.66 70.83 71.00 7116 71.33 71.49 71.66 71.83
72.00 7217 72.33 72.50 72.66 72.83 73.00 73.16 73.33 73.49 73.66 73.83
74.00 7417 74.33 74.50 74.66 74.83 75.00 75.16 75.33 75.49 75.66 75.83
76.00 76.17 76.33 76.50 76.66 76.83 77.00 7716 77.33 7749 77.66 77.83
78.00 78.17 78.33 78.50 78.66 78.83 79.00 79.16 79.33 79.49 79.66 UQIBS
80.00 80.17 80.33 80.50 80.66 80.83 81.00 81.16 81.33 81.49 81.66 81.83
— Subject to change without notice.
MBE. sce MBCI.COM for current information. EFFECTIVE JUNE 3, 2026 3
