SSR Systems Pricing PANELS
SuperLok' 16"
a. te +
2" Vg"
fe
With Striations
NUMBER OF SQUARE FEET PER PANEL
1FT. 133 1.44 1.56 1.67 1.78 1.89 2.00 2n 2.23 2.34 2.45 2.56
ae | 267 278 2.89 3.00 3m 3.22 3.34 3.45 3.56 3.67 3.78 3.89
ise 4.00 An 4.22 4.33 4.45 4.56 4.67 478 4.89 5.00 5 5.23
FS 5.33 5.44 5.56 5.67 5.78 5.89 6.00 6m 6.23 6.34 6.45 6.56
Ser a 6.78 6.89 7.00 val 7.22 7.34 745 7.56 767 778 789
Giap | 8.00 an 822 8.33 8.45 8.56 8.67 8.78 8.89 9.00 on 9.23
Dae 9.33 9.44 956 967 9.78 9.89 10.00 101 1023 1034 1045 1056
ae 10.67 10.78 1089 1.00 m0 1.22 11.34 11.45 1156 11.67 178 1.89
Re) 12.00 120 12.22 1233 1245 1256 1267 1278 1289 1300 131 13.23
a 13.33 1344 1356 1367 1378 1389 1400 14m 1422 1434 «1445 ~—«14.56
Sse | 14.67 1478 1489 1500 1511 1522 15.34. 1545.15.56 Ss 5.67—Ss«*S.78—S—s«CS.
ise | 1600 16m 1622 1633 1645 1656 1667 421678 +1689 1700 Wm 17.23
13FT. MEAS 744 = 17.56 17.67 1778 1789 18.00 1811 1822 «1834 «=618.45.—S: 18.56
18.67 1878 1889 1900 191 1922 1934 1945 1956 1967 1978 1989
=) 2000 20m 20.22 2033 2045 2056 2067 2078 2089 2100 211 21.23
ap) 2133 244 2156 2167 2178 2189 2200 22m 2222 2234 2245 2256
ae | 2267 2278 2289 2300 231 23.22 2334 2345 2356 2367 23.78 23.89
Seip | 24.00 2411 24.22 2433 «24.45 2456 = 24.67 24.78 = 2489 = 25.00. 251 25.23
a) | 25.33 25.44 2556 2567 2578 2589 26.00 261 26.22 2634 2645 26.56
Se) | 2667 = 26.78 = 26.89 2700-27 2722-2733 27452756 = 2767-~—S 27.78 ~—— 2789
5p) 28.00 2811 28.22 2833 2845 2856 2867 2878 2889 29,00 29n 29,23
Py) | 2933 2944 2956 2967 2978 2989 3000 301 30.22 3034 3045 3056
eo 3067 ©3078 «93089 §8=693100— 31 3122, 3133 3145.31.56 3167s 31.78 31.89
SES) 3200-321 32.22 3233 3245 3256 3267 3278 3289 3300 331 33.23
Fi) 33330 33.44 33.56 03367 33.78 = 33.89 = 34.00 34.1 34.22 3434 3445 34.56
AS) 3467 3478 3489 3500 35.1 35.22 3533 493545 3556 3567 3578 35.89
Pye | 36.00 361 36.22 3633 3645 3656 3667 3678 3689 3700 37 37.23
28 FT. RAS 3744 3756 3767 3778 3789 3800 38m 38.22 3834 3845 38.56
BE=) 43867 «= 3878 = 3889 = 39.00 Ss 391 39.22 3933 3945 3956 3967 39.78 3989
=) 4000 40m 40.22 4033 4044 4056 4067 4078 4089 4100 41n 41.23
Sp A133 N44 4156 4167 4178 94189 4200.) 42 42.22 4234 42.45 4256
ise) 4267 4278 4289 43.00 431 43.22 4333 4345 4356 4367 4378 43.89
fey | 4400 44n 4422 4433 44.44 4456 4467 44.78 4489 45.00 451 45,23
MS) 4533045444556 9645.67 45.78 = 45.89 46.00 461 46.22 4634 4645 4656
ee 46670 46.78 «= 46894700. 47M 4722-4733. 4745.2 4756 4767 ~—S 47.78 ~— 47.89
ISR 4800 48n 4822 4833 4844 4856 4867 4878 4889 4900 49n 49.23
"a5 4933 4944 4956 4967 4978 4989 50.00 501 50.22 50.34 5045 50.56
aa 50.67 5078 5089 5100 SI 51225133. 51455156 51.67 51.78 5189
=) 5200 = 52m 52.22 5233 5244 5256 5267 5278 5289 5300 531 53.23
40 FT. WEEES 53.44 5355 5367 5378 5389 5400 5411 54.22 5434 5445 5456
Subject to change without notice.
WABIE. sce MBCI.COM for current information. EFFECTIVE JUNE 3, 2026 1
