Commercial / Industrial Pricing
foe yee TH
auky aby
NUMBER OF SQUARE FEET PER PANEL
3.21 3.48 3.74 4.01 4.28 4.54 4.81 5.08 5.34 5.61 5.88 6.15
6.42 6.68 6.95 7.22 748 7.75 8.02 8.29 8.55 8.82 9.09 9.35
9.62 9.89 10.16 10.43 10.69 10.96 11.23 11.49 11.76 12.03 12.29 12.56
12.83 13.10 13.37 13.63 13.90 14.17 14.43 14.70 14.97 15.24 15.50 15.77
16.04 16.31 16.57 16.84 17.11 17.38 17.64 17.91 18.18 18.44 18.71 18.98
19.25 19.52 19.78 20.05 20,32 20.58 20.85 21.12 21.38 21.65 21.92 22.19
22.46 22.72 22.99 23.26 23.52 23.79 24.06 24.33 24.59 24.86 25.13 25.39
25.66 25.93 26.20 26.47 26.73 27.00 27.27 27.53 27.80 28.07 28.33 28.60
28.87 29.14 29.41 29.67 29.94 30.21 30.47 30.74 31.01 31.28 31.54 31.81
32.08 32.35 32.61 32.88 33.15 33.42 33.68 33.95 34,22 34.48 34.75 35.02
35.29 35.56 35.82 36.09 36.36 36.62 36.89 37.16 37,42 37.69 37.96 38.23
38.50 38.76 39.03 39.30 39.56 39.83 40.10 40.37 40.63 40.90 41.17 41.43
41.70 41.97 42.24 42.51 42.77 43.04 43.31 43.57 43.84 44.11 44.37 44.64
44.91 45.18 45.45 45.71 45.98 46.25 46.51 46.78 47.05 47.32 47.58 47.85
48.12 48.39 48.65 48.92 49.19 49,46 49,72 49,99 50.26 50.52 50.79 51.06
51.33 51.60 51.86 52.13 52.40 52.66 52.93 53.20 53.46 53.73 54.00 54.27
54.54 54.80 55.07 55.34 55.60 55.87 56.14 56.41 56.67 56.94 57.21 57.47
57.74 58.01 58.28 58.55 58.81 59.08 59.35 59.61 59.88 60.15 60.41 60.68
60.95 61.22 61.49 61.75 62.02 62.29 62.55 62.82 63.09 63.36 63.62 63.89
64.16 64.43 64.69 64.96 65.23 65.49 65.76 66.03 66.30 66.56 66.83 67.10
67.37 67.64 67.90 68.17 68.44 68.70 68.97 69.24 69.50 69.77 70.04 70.31
70.58 70.84 71.11 71.38 71.64 71.91 72.18 72.45 72.71 72.98 73.25 73.51
73.78 74.05 74.32 74.59 74.85 75.12 75.39 75.65 75.92 76.19 76.45 76.72
76.99 77.26 77.53 77.79 78.06 78.33 78.59 78.86 79.13 79.40 79.66 79.93
80.20 80.47 80.73 81.00 81.27 81.54 81.80 82.07 82.34 82.60 82.87 83.14
83.41 83.68 83.94 84.21 84.48 84.74 85.01 85.28 85.54 85.81 86.08 86.35
86.62 86.88 87.15 87.42 87.68 87.95 88.22 88.49 88.75 89.02 89.29 89.55
89.82 90.09 90.36 90.63 90.89 91.16 91.43 91.69 91.96 92.23 92.49 92.76
93.03 93.30 93.57 93.83 94.10 94.37 94.63 94.90 95.17 95.44 95.70 95.97
96.24 96.51 96.77 97.04 97.31 97.58 97.84 98.11 98.38 98.64 98.91 CBS
99.45 99.72 99.98 100.25 100.52 100.78 101.05 101.32 101.58 101.85 102.12 102.39
102.66 102.92 103.19 103.46 103.72 103.99 104.26 10453 104.79 105.06 105.33 105.59
105.86 106.13 106.40 106.67 106.93 107.20 107.47 107.73 108.00 108.27 108.53 108.80
109.07 109.34 109.61 109.87 110.14 11041 110.67 110.94 111.21 111.48 111.74 112.01
112.28 11255 112.81 113.08 113.35 113.62 113.88 11415 11442 11468 11495 115.22
11549 115.76 116.02 116.29 11656 116.82 117.09 117.36 117.62 11789 11816 118.43
118.70 11896 119.23 119.50 119.76 120.03 120.30 12057 12083 121.10 121.37 121.63
121.90 12217 12244 122.71 122.97 123.24 123.51 123.77 124.04 12431 124.57 124.84
125.11 125.38 125.65 125.91 126.18 12645 126.71 126.98 127.25 12752 127.78 128.05
128.32 128.59 128.85 129.12 129.39 129.66 129.92 130.19 13046 130.72 130.99 131.26
=p —sSubject to change without notice.
WABI. see MBCI.COM for current information. EFFECTIVE JANUARY 6, 2026 13
