Commercial / Industrial Pricing
ca Ben * tT " 2.67" se T 5"
a +
PBC Panel PBD Panel
NUMBER OF SQUARE FEET PER PANEL
2.83 3.07 3.31 3.54 3.78 4.01 4.25 449 472 4.96 5.19 5.43
5.67 5.90 6.14 6.37 6.61 6.85 7.08 7.32 7.55 7.79 8.03 8.26
8.50 8.74 8.97 92 9.44 9.68 9.92 10.15 10.39 10.62 10.86 11.10
11.33 11.57 11.81 12.04 12.28 12.51 12.75 12.99) 13.22 13.46 13.69 13.93
14.17 14.40 14.64 14.87 15.11 15.35 15.58 15.82 16.05 16.29 16.53 16.76
1700 1724 «1747. 177 1794. 1818 1842 1865 1889 1912 1936 19.60
1983 2007 2031 20.54 20.78 21.0 21.25. 2149 21.72 = 21.96 = 22.19 22.43
22.67 2290 2314 2337 2361 2385 2408 2432 2455 2479 2503 25.26
25.50 2574 2597 262 2644 2668 2692 27.15 2739 2762 2786 28.10
2833 2857 28.81 29.04 2928 295 29.75 29.99 3022 3046 3069 30.93
31.17 3140 3164 3187 321 3235 3258 3282 33.05 3329 3353 33.76
34.00 3424 3447 347 34.94 3518 3542 35.65 3589 36.12 3636 36.60
3683 37.07 3730 3754 3778 380 38.25 3848 3872 3896 39.19 39.43
39.67 3990 4014 4037 4061 4085 4108 4132 41.55 41.79 4203 42.26
4250 42.74 4297 432 43.44 4368 4392 4415 4439 4462 4486 45.10
45.33 45.57 45.80 4604 4628 465 46.75 4698 4722 4746 4769 47.93
48.17 4840 4864 4887 49.1 4935 4958 4982 5005 50.29 5053 50.76
5100 5124 S147 517 5194 5218 5242 5265 5289 5312 5336 53.60
5383 5407 5430 5454 54.78 55.0 55.25 5548 55.72 55.96 56.19 56.43
56.67 5690 5714 5737 57.61 5785 5808 5832 5855 5879 59.03 59.26
5950 5974 5997 602 60.44 6068 60.92 6115 6139 6162 61.86 62.10
62.33 62.57 6280 6304 6328 635 63.75 63.98 6422 6446 64.69 6493
65.17. 6540 6564 6587 66.1 6635 6658 6682 67.05 6729 6753 67.76
68.00 6824 6847 68.7 68.94 6918 6942 6965 6989 7012 7036 70.60
7083 7107 7130 71.54 71.78 720 72.25 7248 7272 72.96 73.19 73.43
73.67 7390 7414 7437 7461 7485 7508 7532 7555 7579 7603 76.26
76.50 7674 7697 77.2 7744. 7768 7792 78.15 7839 7862 7886 79.10
7933 7957 7980 80.04 8028 805 80.75 80.98 81.22 8146 8169 81.93
82.17 8240 8264 8287 83.1 83.35 8358 8382 84.05 84.29 8453 84.76
85.00 8524 8547 85.7 85.94 86.18 8642 8665 8689 87.12 87.36 87.60
87.83 8807 8830 8854 8878 890 89.25 8948 8972 89.96 90.19 9043
90.67 9090 91.14 9137 9161 91.85 9208 9232 9255 9279 9303 93.26
93.50 9373 9397 942 9444 9468 9491 9515 9539 9562 95.86 96.09
96.33 9657 9680 97.04 9728 975 97.75 97.98 9822 9846 9869 98.93
99.17 9940 9964 9987 100.11 100.35 10058 10082 101.05 101.29 10153 101.76
102.00 102.23 10247 102.71 102.94 103.18 10341 103.65 103.89 104.12 104.36 104.59
104.83 105.07 105.30 105.54 105.78 106.01 106.25 10648 106.72 106.96 107.19 107.43
107.67. 107.90 108.14 108.37 108.61 108.85 109.08 109.32 109.55 109.79 110.03 110.26
110.50 110.73 110.97 1171.21 11144 111.68 $111.91 11215 112.39 112.62 112.86 113.09
113.33 113.57 113.80 11404 11428 114.51 114.75 11498 115.22 11546 11569 115.93
=p —sSubject to change without notice.
WABI. see MBCI.COM for current information. EFFECTIVE JANUARY 6, 2026 9
