Agricultural Pricing
NUMBER OF SQUARE FEET PER PANEL
2.17 2.35 2.53 2.71 2.89 3.07 3.25 3.43 3.61 3.79 3.97 416
4.34 452 4.70 4.88 5.06 5.24 5.42 5.60 5.78 5.96 6.15 6.33
6.51 6.69 6.87 7.05 7.23 7A\ 7.59 7.77 7.95 8.13 8.32 8.50
8.68 8.86 9.04 9.22 9.40 9.58 9.76 9.94 10.12 10.30 10.49 10.67
10.85 11.03 11.21 11.39 11.57 11.75 11.93 12.11 12.29 12.47 12.66 12.84
13.02 13.20 13.38 13.56 13.74 13.92 14.10 14.28 14.46 14.64 14.83 15.01
15.19 15.37 15.55 15.73 15.91 16.09 16.27 16.45 16.63 16.81 17.00 17.18
17.36 17.54 17.72 17.90 18.08 18.26 18.44 18.62 18.80 18.98 19.17 19.35
19.53 19.71 19.89 20.07 20.25 20.43 20.61 20.79 20.97 21.15 21.34 21.52
21.70 21.88 22.06 22.24 22.42 22.60 22.78 22.96 23.14 23.32 23.51 23.69
23.87 24.05 24,23 24.41 24,59 24.77 24.95 25.13 25.31 25.49 25.67 25.86
26.04 26.22 26.40 26.58 26.76 26.94 27.12 27.30 2748 27.66 27.85 28.03
28.21 28.39 28.57 28.75 28.93 29.11 29.29 29.47 29.65 29.83 30.02 30.20
30.38 30.56 30.74 30.92 31.10 31.28 31.46 31.64 31.82 32.00 32.19 32.37
32.55 32.73 32.91 33.09 33.27 33.45 33.63 33.81 33.99 34.17 34.35 34.54
34.72 34.90 35.08 35.26 35.44 35.62 35.80 35.98 36.16 36.34 36.53 36.71
36.89 37.07 37.25 37.43 37.61 37.79 37.97 38.15 38.33 38.51 38.70 38.88
39.06 39.24 39.42 39.60 39.78 39.96 40.14 40.32 40.50 40.68 40.87 41.05
41.23 41.41 41.59 41.77 41.95 42.13 42.31 42.49 42.67 42.85 43.04 43.22
43.40 43.58 43.76 43.94 44.12 44,30 44,48 44.66 44.84 45.02 45.21 45.39
45,57 45.75 45,93 46.11 46.29 46.47 46.65 46.83 47.01 47.19 47.38 47.56
47.74 47.92 48.10 48.28 48.46 48.64 48.82 49.00 49.18 49.36 49.54 49.73
49.91 50.09 50.27 50.45 50.63 50.81 50.99 51.17 51.35 51.53 51.72 51.90
52.08 52.26 52.44 52.62 52.80 52.98 53.16 53.34 53.52 53.70 53.89 54.07
54.25 54.43 54.61 54.79 54.97 55.15 55.33 55.51 55.69 55.87 56.06 56.24
56.42 56.60 56.78 56.96 57.14 57.32 57.50 57.68 57.86 58.04 58.23 58.41
58.59 58.77 58.95 59.13 59.31 59.49 59.67 59.85 60.03 60.21 60.40 60.58
60.76 60.94 61.12 61.30 61.48 61.66 61.84 62.02 62.20 62.38 62.57 62.75
62.93 63.11 63.29 63.47 63.65 63.83 64.01 64.19 64.37 64.55 64.74 64.92
65.10 65.28 65.46 65.64 65.82 66.00 66.18 66.36 66.54 66.72 66.91 67.09
67.27 67.45 67.63 67.81 67.99 68.17 68.35 68.53 68.71 68.89 69.08 69.26
69.44 69.62 69.80 69.98 70.16 70.34 70.52 70.70 70.88 71.06 71.25 7143
71.61 71.79 71.97 72.15 72.33 72.51 72.69 72.87 73.05 73.23 73.42 73.60
73.78 73.96 74.14 74,32 74,50 74.68 74.86 75.04 75,22 75.40 75.59 75.77
75.95 76.13 76.31 76.49 76.67 76.85 77.03 77.24 77.39 77.57 77.76 77.94
78.12 78.30 78.48 78.66 78.84 79.02 79.20 79.38 79.56 79.74 79,93 80.11
80.29 80.47 80.65 80.83 81.01 81.19 81.37 81.55 81.73 81.91 82.10 82.28
82.46 82.64 82.82 83.00 83.18 83.36 83.54 83.72 83.90 84.08 84.27 84.45
84.63 84.81 84.99 85.17 85.35 85.53 85.71 85.89 86.07 86.25 86.44 86.62
86.80 86.98 87.16 87.34 87.52 87.70 87.88 88.06 88.24 88.42 88.61 88.79
—= Subject to change without notice.
WIEBE. see MBCI.COM for current information. EFFECTIVE JANUARY 7, 2026
