Agricultural Pricing
ae T «
Perma-Clad®
: i el t ;
MasterRib®
NUMBER OF SQUARE FEET PER PANEL
eel 3.43 3.69 3.96 4.22 4.49 4.75 5.01 5.28 5.54 5.81 6.07
6.33 6.60 6.86 7.13 7.39 7.65 7.92 8.18 8.45 8.71 8.97 9.24
9.50 9.76 10.03 10.29 10.56 10.82 11.08 11.35 11.61 11.88 12.14 12.40
12.67 12.93 13.19 13.46 13.72 13.99 14.25 14.51 14.78 15.04 15.3 15.57
15.83 16.10 16.36 16.63 16.89 17.15 1742 17.68 17.95 18.21 18.47 18.74
19.00 19.26 19.53 19.79 20.06 20.32 20.58 20.85 21.11 21.38 21.64 21.90
22.17 22.43 22.69 22.96 23.22 23.49 23.75 24.01 24.28 24.54 24.8 25.07
25.33 25.60 25.86 26.13 26.39 26.65 26.92 27.18 2745 27.71 27.97 28.24
28.50 28.76 29.03 29.29 29.56 29.82 30.08 30.35 30.6 30.88 31.14 31.40
31.67 31.93 32.20 32.46 32.72 32.99 33.25 33.52 33.78 34.04 34.3 34.57
34.83 35.10 35,36 35.63 35.89 36.15 36.42 36.68 36.95 37.21 37.47 37.74
38.00 38.26 38.53 38.79 39.06 39.32 39.58 39.85 40.1 40.38 40.64 40.90
41.17 41.43 41.70 41.96 42.22 42.49 42.75 43.02 43.28 43.54 43.8 44.07
44.33 44.60 44.86 45.13 45.39 45.65 45.92 46.18 46.45 46.7 46.97 47.24
47.50 47.76 48.03 48.29 48.56 48.82 49,08 49.35 49.6 49.88 50.14 50.40
50.67 50.93 51.20 51.46 51.72 51.99 52.25 52.52 52.78 53.04 53.31 53.57
53.83 54.10 54.36 54.63 54.89 55.15 55.42 55.68 55.95 56.2 56.47 56.74
57.00 57.26 57.53 57.79 58.06 58.32 58.58 58.85 59.1 59.38 59.64 59.90
60.17 60.43 60.70 60.96 61.22 61.49 61.75 62.02 62.28 62.54 62.8 63.07
63.33 63.60 63.86 64.13 64,39 64.65 64.92 65.18 65.45 65.7 65.97 66.24
66.50 66.76 67.03 67.29 67.56 67.82 68.08 68.35 68.61 68.88 69.14 69.40
69.67 69.93 70.20 70.46 70.72 70.99 71.25 71.52 71.78 72.04 72.3 72.57
72.83 73.10 73.36 73.63 73.89 74.15 74.42 74.68 74.95 75.2 75.47 75.74
76.00 76.26 76.53 76.79 77.06 77.32 77.58 77.85 78.11 78.38 78.64 78.90
79.17 79.43 79.70 79.96 80.22 80.49 80.75 81.02 81.28 81.54 81.8 82.07
82.33 82.60 82.86 83.13 83.39 83.65 83.92 84.18 84.45 84.71 84.97 85.24
85.50 85.76 86.03 86.29 86.56 86.82 87.08 87.35 87.61 87.88 88.14 88.40
88.67 88.93 89.20 89.46 89.72 89.99 90.25 90.52 90.78 91.04 91.3 91.57
91.83 92.10 92.36 92.63 92.89 93.15 93.42 93.68 93.95 94.21 94.47 94.74
95.00 95.27 95.53 95.79) 96.06 96,32 96.59 96.85 97.11 97.38 97.64 G7
98.17 98.43 98.70 98.96 99.22 99.49 99.75 00.02 00.28 00.54 00.81 01.07
101.33 101.60 101.86 102.13 102.39 102.65 102.92 03.18 03.45 03.71 03.97 04.24
104.50 104.77 105.03 105.29 10556 105.82 106.09 06.35 06.61 06.88 07.14 07.41
107.67 107.93 108.20 108.46 108.72 108.99 109.25 109.52 109.78 110.04 110.31 110.57
110.83. 111.10 111.36 111.63 111.89 11215 112.42 12.68 12.95 13.21 13.47 13.74
11400 11427 11453 114.79 115.06 115.32 115.59 115.85 116.11 116.38 11664 116.91
117.17. 11743 117.70 117.96 11822 11849 118.75 19.02 19.28 19.54 19.81 20.07
120.33 120.60 12086 121.13 121.39 121.65 121.92 22.18 22.45 22.71 22.97 23.24
123.50 123.77 124.03 12429 12456 12482 125.09 25.35 25.61 25.88 26.14 26.41
126.67 126.93 127.20 12746 127.72 127.99 128.25 28.52 28.78 29.04 29.31 29.57
— Subject to change without notice.
WIEBE. see MBCI.COM for current information. EFFECTIVE JANUARY 7, 2026
