ricultural Pricing
gg HETTOT
=a f
NUMBER OF SQUARE FEET PER PANEL
Sm9) 3.45 3.72 3.98 4.25 4.52 4.78 5.05 5.31 5.58 5.84 6.11
6.38 6.64 6.91 7A7 744 7.10 7.97 8.23 8.50 8.76 9.03 9.30
9.56 9.83 10.09 10.36 10.62 10.89 11.16 11.42 11.69 11.95 12.22 12.48
12.75 13.02 13.28 13.55 13.81 14.08 14.34 14.61 14.87 15.14 15.41 15.67
15.94 16.20 16.47 16.73 17.00 17.27 17.53 17.80 18.06 18.33 18.59 18.86
19.13 19.39 19.66 19.92 20.19 20.45 20.72 20.98 21.25 21.51 21.78 22.05
22.31 22.58 22.84 23.11 23.37 23.64 23.91 24.17 24.44 24.70 24.97 25.23
25.50 25.77 26.03 26.30 26,56 26.83 27.09 27.36 27.62 27.89 28.16 28.42
28.69 28.95 29,22 29.48 29.75 30.02 30,28 30.55 30.81 31.08 31.34 31.61
31.88 32.14 32.41 32.67 32.94 33.20 33.47 33.73 34.00 34.26 34.53 34.80
35.06 35.33 35.59 35.86 36.12 36.39 36.66 36.92 37.19 37.45 37.72 37.98
38.25 38.52 38.78 39.05 39.31 39.58 39.84 40.11 40.37 40.64 40.91 41.17
41.44 41.70 41.97 42.23 42.50 42.77 43.03 43.30 43.56 43.83 44,09 44.36
44.63 44.89 45.16 45,42 45.69 45.95 46,22 46.48 46.75 47.01 47.28 4755
47.81 48.08 48.34 48.61 48.87 49.14 49.41 49.67 49.94 50.20 50.47 50.73
51.00 51.27 51.53 51.80 52.06 52.33 52.59 52.86 53.12 53.39 53.66 53.92
54.19 54.45 54.72 54.98 55.25 55.52 55.78 56.05 56.31 56.58 56.84 57.11
57.38 57.64 57.91 58.17 58.44 58.70 58.97 59.23 59.50 59.76 60.03 60.30
60.56 60.83 61.09 61.36 61.62 61.89 62.16 62.42 62.69 62.95 63.22 63.48
63.75 64.02 64.28 64.55 64.81 65.08 65.34 65.61 65.87 66.14 66.41 66.67
66.94 67.20 67.47 67.73 68.00 68.27 68.53 68.80 69.06 69.33 69.59 69.86
70.13 70.39 70.66 70.92 71.19 71.45 71,72 71,98 72.25 72.51 72.78 73.05
73.31 73.58 73.84 74.11 74,37 74.64 74.91 75.17 75.44 75.70 75,97 76.23
76.50 76.77 77.03 77.30 77.56 77.83 78.09 78.36 78.62 78.89 79.16 79.42
79.69 79.95 80.22 80.48 80.75 81.02 81.28 81.55 81.81 82.08 82.34 82.61
82.88 83.14 83.41 83.67 83.94 84.20 84.47 84.73 85.00 85.26 85.53 85.80
86.06 86.33 86.59 86.86 87.12 87.39 87.66 87.92 88.19 88.45 88.72 88.98
89.25 89.52 89.78 90.05 90.31 90.58 90.84 91.11 91.37 91.64 91.91 92.17
92.44 92.70 92.97 93.23 93.50 93.77 94.03 94.30 94.56 94.83 95.09 95.36
95.63 95.89 96.16 96.42 96.69 96.95 97.22 97.48 97.75 98.01 98.28 98.55
98.81 99.08 99.34 99.61 99.87 00.14 00.41 00.67 00.94 01.20 01.47 01.73
102.00 102.27 102.53 102.80 103.06 03.33 03.59 03.86 04.12 04.39 04.66 04.92
105.19 105.45 105.72 105.98 106.25 06.52 06.78 07.05 07.31 07.58 07.84 08.11
108.38 108.64 108.91 109.17 109.44 109.70 109.97. 110.23 110.50 110.76 111.03 111,30
111.56 111.83 112.09 112.36 112.62 12.89 13.16 13.42 13.69 13.95 14.22 14,48
114.75 115.02 11528 115.55 115.81 16.08 16.34 16.61 16.87 17.14 17.41 17.67
117.94 11820 11847 118.73 119.00 19.27 19.53 19.80 20.06 20.33 20.59 20.86
121.13, 121.39 121.66 121.92 122.19 22.45 22.72 22.98 23.25 23.51 23.78 24.05
12431 12458 12484 125.11 125.37 125.64 125.91 126.17 12644 126.70 126.97 127.23
127.550 127.77 128.03 128.30 128.56 28.83 29.09 29.36 29.62 29.89 30.16 30.42
— Subject to change without notice.
WIEBE. see MBCI.COM for current information. EFFECTIVE JANUARY 7, 2026 3
